{
  "nbformat": 4,
  "nbformat_minor": 0,
  "metadata": {
    "colab": {
      "name": "R9",
      "provenance": [],
      "authorship_tag": "ABX9TyNcB9ALn++tQYWJ7fUrqRaw"
    },
    "kernelspec": {
      "name": "python3",
      "display_name": "Python 3"
    }
  },
  "cells": [
    {
      "cell_type": "markdown",
      "metadata": {
        "id": "k9jV97X87aRT"
      },
      "source": [
        "プログラム作成に当たって、以下のソースコードを大いに参考にしました。\n",
        "\n",
        "https://github.com/msiplab/VieWork.git\n",
        "\n",
        "copyright : 2020 Shogo Muramatsu"
      ]
    },
    {
      "cell_type": "markdown",
      "metadata": {
        "id": "-eLBfidxY0By"
      },
      "source": [
        "## 配列の準備\n",
        "数値計算ライブラリ NumPy を利用"
      ]
    },
    {
      "cell_type": "code",
      "metadata": {
        "id": "fVsFL3N3CZ7l"
      },
      "source": [
        "import numpy as np\n",
        "import pandas as pd\n",
        "\n",
        "#numpyのrandom関数で2桁の整数を要素とする16Ｘ16の行列を生成した。これを入力配列とする。\n",
        "#入力配列\n",
        "arrayX = np.matrix(\n",
        " [[2,6,2,4],\n",
        "  [2,2,2,6],\n",
        "  [6,6,4,4],\n",
        "  [2,2,2,4]])\n",
        "\n",
        "#配列Z\n",
        "arrayZ = np.matrix(\n",
        " [[1,1,1,0],\n",
        "  [1,1,0,0],\n",
        "  [1,0,0,0],\n",
        "  [0,0,0,0]])\n",
        "\n",
        "#display(arrayX)"
      ],
      "execution_count": 72,
      "outputs": []
    },
    {
      "cell_type": "markdown",
      "metadata": {
        "id": "UkB3X0kOZbmo"
      },
      "source": [
        "## 離散コサイン変換行列の定義\n",
        "\n",
        "\\begin{array}{l}\n",
        "y[m]=\\sqrt{\\frac{2}{M}} k_{m} \\sum_{n=0}^{N-1} \\cos \\left(\\frac{(2 n+1) m \\pi}{2 M}\\right) x[n],\\, m=0,1, \\cdots, M-1 \\\\\n",
        "x[n]=\\sqrt{\\frac{2}{M}} \\sum_{m=0}^{N-1} k_{m} \\cos \\left(\\frac{(2 n+1) m \\pi}{2 M}\\right) y[m],\\, n=0,1, \\cdots, M-1\n",
        "\\end{array}\n",
        "ただし、\n",
        "\\begin{equation}\n",
        "k_{m}=\\left\\{\\begin{array}{cc}\n",
        "\\frac{1}{\\sqrt{2}} & m=0 \\\\\n",
        "1 & m=1,2, \\cdots, M-1\n",
        "\\end{array}\\right.\n",
        "\\end{equation}\n",
        "\n",
        "### 順変換行列\n"
      ]
    },
    {
      "cell_type": "code",
      "metadata": {
        "id": "6GRggSPVYOzc"
      },
      "source": [
        "dctSize = 4\n",
        "arrayDct = np.matrix(np.zeros([dctSize,dctSize]))\n",
        "for iCol in range(dctSize):\n",
        "    for iRow in range(dctSize):\n",
        "        k = 1\n",
        "        if iRow == 0:\n",
        "            k = 1/np.sqrt(2)\n",
        "        arrayDct[iRow,iCol] = np.sqrt(2/dctSize)*k*np.cos((2*iCol+1)*iRow*np.pi/(2*dctSize))\n",
        "\n",
        "#display(arrayDct)"
      ],
      "execution_count": 73,
      "outputs": []
    },
    {
      "cell_type": "markdown",
      "metadata": {
        "id": "GFi9QCWAEQwV"
      },
      "source": [
        "### 逆変換行列\n",
        "\n",
        "離散コサイン変換(DCT)は正規直交行列のため、逆変換行列は順変換行列の転置で与えられる。\n",
        "\\begin{equation}\n",
        "\\mathbf{C}^{-1}=\\mathbf{C}^T\n",
        "\\end{equation}"
      ]
    },
    {
      "cell_type": "code",
      "metadata": {
        "id": "2cMN5ONBEQwW"
      },
      "source": [
        "#逆変換行列\n",
        "arrayIdct = arrayDct.T\n",
        "\n",
        "#display(arrayIdct)"
      ],
      "execution_count": 74,
      "outputs": []
    },
    {
      "cell_type": "markdown",
      "metadata": {
        "id": "RUYXhd-nEQwb"
      },
      "source": [
        "## 二次元DCT\n",
        "\\begin{equation}\n",
        "\\mathbf{Y}=\\mathbf{CXC}^T\n",
        "\\end{equation}\n"
      ]
    },
    {
      "cell_type": "code",
      "metadata": {
        "id": "ZSTyBtPaEQwb",
        "outputId": "38c96f50-07ef-4d1a-93f5-3e0e8a07225e",
        "colab": {
          "base_uri": "https://localhost:8080/",
          "height": 172
        }
      },
      "source": [
        "#a. 右の配列𝐗 ∈ ℝ4×4に対し、二次元DCTを施し、変換係数𝐘 を求めよ。\n",
        "arrayY = np.dot(np.dot(arrayDct,arrayX),arrayDct.T)\n",
        "\n",
        "df = pd.DataFrame(arrayY)\n",
        "display(df)"
      ],
      "execution_count": 75,
      "outputs": [
        {
          "output_type": "display_data",
          "data": {
            "text/html": [
              "<div>\n",
              "<style scoped>\n",
              "    .dataframe tbody tr th:only-of-type {\n",
              "        vertical-align: middle;\n",
              "    }\n",
              "\n",
              "    .dataframe tbody tr th {\n",
              "        vertical-align: top;\n",
              "    }\n",
              "\n",
              "    .dataframe thead th {\n",
              "        text-align: right;\n",
              "    }\n",
              "</style>\n",
              "<table border=\"1\" class=\"dataframe\">\n",
              "  <thead>\n",
              "    <tr style=\"text-align: right;\">\n",
              "      <th></th>\n",
              "      <th>0</th>\n",
              "      <th>1</th>\n",
              "      <th>2</th>\n",
              "      <th>3</th>\n",
              "    </tr>\n",
              "  </thead>\n",
              "  <tbody>\n",
              "    <tr>\n",
              "      <th>0</th>\n",
              "      <td>14.000000</td>\n",
              "      <td>-1.148050</td>\n",
              "      <td>1.000000</td>\n",
              "      <td>-2.771639</td>\n",
              "    </tr>\n",
              "    <tr>\n",
              "      <th>1</th>\n",
              "      <td>0.224171</td>\n",
              "      <td>-0.500000</td>\n",
              "      <td>-0.765367</td>\n",
              "      <td>-1.792893</td>\n",
              "    </tr>\n",
              "    <tr>\n",
              "      <th>2</th>\n",
              "      <td>-2.000000</td>\n",
              "      <td>-0.382683</td>\n",
              "      <td>-1.000000</td>\n",
              "      <td>-0.923880</td>\n",
              "    </tr>\n",
              "    <tr>\n",
              "      <th>3</th>\n",
              "      <td>3.154322</td>\n",
              "      <td>3.207107</td>\n",
              "      <td>-1.847759</td>\n",
              "      <td>-0.500000</td>\n",
              "    </tr>\n",
              "  </tbody>\n",
              "</table>\n",
              "</div>"
            ],
            "text/plain": [
              "           0         1         2         3\n",
              "0  14.000000 -1.148050  1.000000 -2.771639\n",
              "1   0.224171 -0.500000 -0.765367 -1.792893\n",
              "2  -2.000000 -0.382683 -1.000000 -0.923880\n",
              "3   3.154322  3.207107 -1.847759 -0.500000"
            ]
          },
          "metadata": {
            "tags": []
          }
        }
      ]
    },
    {
      "cell_type": "code",
      "metadata": {
        "id": "sdnc-zdYQsqQ",
        "outputId": "3215fb67-c429-45d3-c909-f769561f4cec",
        "colab": {
          "base_uri": "https://localhost:8080/",
          "height": 1000
        }
      },
      "source": [
        "#b. a.の結果に対し、右の配列Zを係数毎にかけ算せよ。\n",
        "#上記で求めた変換係数Y(二次元DCTの実行結果arrayY)に基底画像B(arrayZ)を乗算する 二次元配列に二次元配列をいれている\n",
        "arrayYh = []\n",
        "for i in range(dctSize):\n",
        "  for j in range(dctSize):\n",
        "    a = arrayY[i,j] * arrayZ\n",
        "    arrayYh.append(a)\n",
        "\n",
        "display(arrayYh)"
      ],
      "execution_count": 76,
      "outputs": [
        {
          "output_type": "display_data",
          "data": {
            "text/plain": [
              "[matrix([[14., 14., 14.,  0.],\n",
              "         [14., 14.,  0.,  0.],\n",
              "         [14.,  0.,  0.,  0.],\n",
              "         [ 0.,  0.,  0.,  0.]]),\n",
              " matrix([[-1.1480503, -1.1480503, -1.1480503, -0.       ],\n",
              "         [-1.1480503, -1.1480503, -0.       , -0.       ],\n",
              "         [-1.1480503, -0.       , -0.       , -0.       ],\n",
              "         [-0.       , -0.       , -0.       , -0.       ]]),\n",
              " matrix([[1., 1., 1., 0.],\n",
              "         [1., 1., 0., 0.],\n",
              "         [1., 0., 0., 0.],\n",
              "         [0., 0., 0., 0.]]),\n",
              " matrix([[-2.7716386, -2.7716386, -2.7716386, -0.       ],\n",
              "         [-2.7716386, -2.7716386, -0.       , -0.       ],\n",
              "         [-2.7716386, -0.       , -0.       , -0.       ],\n",
              "         [-0.       , -0.       , -0.       , -0.       ]]),\n",
              " matrix([[0.22417076, 0.22417076, 0.22417076, 0.        ],\n",
              "         [0.22417076, 0.22417076, 0.        , 0.        ],\n",
              "         [0.22417076, 0.        , 0.        , 0.        ],\n",
              "         [0.        , 0.        , 0.        , 0.        ]]),\n",
              " matrix([[-0.5, -0.5, -0.5, -0. ],\n",
              "         [-0.5, -0.5, -0. , -0. ],\n",
              "         [-0.5, -0. , -0. , -0. ],\n",
              "         [-0. , -0. , -0. , -0. ]]),\n",
              " matrix([[-0.76536686, -0.76536686, -0.76536686, -0.        ],\n",
              "         [-0.76536686, -0.76536686, -0.        , -0.        ],\n",
              "         [-0.76536686, -0.        , -0.        , -0.        ],\n",
              "         [-0.        , -0.        , -0.        , -0.        ]]),\n",
              " matrix([[-1.79289322, -1.79289322, -1.79289322, -0.        ],\n",
              "         [-1.79289322, -1.79289322, -0.        , -0.        ],\n",
              "         [-1.79289322, -0.        , -0.        , -0.        ],\n",
              "         [-0.        , -0.        , -0.        , -0.        ]]),\n",
              " matrix([[-2., -2., -2., -0.],\n",
              "         [-2., -2., -0., -0.],\n",
              "         [-2., -0., -0., -0.],\n",
              "         [-0., -0., -0., -0.]]),\n",
              " matrix([[-0.38268343, -0.38268343, -0.38268343, -0.        ],\n",
              "         [-0.38268343, -0.38268343, -0.        , -0.        ],\n",
              "         [-0.38268343, -0.        , -0.        , -0.        ],\n",
              "         [-0.        , -0.        , -0.        , -0.        ]]),\n",
              " matrix([[-1., -1., -1., -0.],\n",
              "         [-1., -1., -0., -0.],\n",
              "         [-1., -0., -0., -0.],\n",
              "         [-0., -0., -0., -0.]]),\n",
              " matrix([[-0.92387953, -0.92387953, -0.92387953, -0.        ],\n",
              "         [-0.92387953, -0.92387953, -0.        , -0.        ],\n",
              "         [-0.92387953, -0.        , -0.        , -0.        ],\n",
              "         [-0.        , -0.        , -0.        , -0.        ]]),\n",
              " matrix([[3.15432203, 3.15432203, 3.15432203, 0.        ],\n",
              "         [3.15432203, 3.15432203, 0.        , 0.        ],\n",
              "         [3.15432203, 0.        , 0.        , 0.        ],\n",
              "         [0.        , 0.        , 0.        , 0.        ]]),\n",
              " matrix([[3.20710678, 3.20710678, 3.20710678, 0.        ],\n",
              "         [3.20710678, 3.20710678, 0.        , 0.        ],\n",
              "         [3.20710678, 0.        , 0.        , 0.        ],\n",
              "         [0.        , 0.        , 0.        , 0.        ]]),\n",
              " matrix([[-1.84775907, -1.84775907, -1.84775907, -0.        ],\n",
              "         [-1.84775907, -1.84775907, -0.        , -0.        ],\n",
              "         [-1.84775907, -0.        , -0.        , -0.        ],\n",
              "         [-0.        , -0.        , -0.        , -0.        ]]),\n",
              " matrix([[-0.5, -0.5, -0.5, -0. ],\n",
              "         [-0.5, -0.5, -0. , -0. ],\n",
              "         [-0.5, -0. , -0. , -0. ],\n",
              "         [-0. , -0. , -0. , -0. ]])]"
            ]
          },
          "metadata": {
            "tags": []
          }
        }
      ]
    },
    {
      "cell_type": "markdown",
      "metadata": {
        "id": "seLRI-JIEQwf"
      },
      "source": [
        "## 二次元逆DCT\n",
        "\\begin{equation}\n",
        "\\mathbf{X}=\\mathbf{C}^{-1}\\mathbf{YC}^{-T}\n",
        "\\end{equation}"
      ]
    },
    {
      "cell_type": "code",
      "metadata": {
        "id": "lufAxgplEQwf",
        "outputId": "41025024-d4a6-45b8-ada9-342daa9a4ed1",
        "colab": {
          "base_uri": "https://localhost:8080/",
          "height": 1000
        }
      },
      "source": [
        "#c. b.の結果に対し、二次元逆DCTを施し、元の配列𝐗の(ここではarrayR)を求めよ。\n",
        "arrayR = []\n",
        "for i in range(dctSize):\n",
        "  for j in range(dctSize):\n",
        "    a = np.dot(np.dot(arrayIdct,arrayY[i,j]),arrayIdct.T)\n",
        "    arrayR.append(a)\n",
        "display(arrayR)\n",
        "\n",
        "#d. c.の近似arraを小数点以下第１位で四捨五入し、整数化した配列を求めよ。\n",
        "apro_arrayR = np.round(arrayR, decimals=0) #小数点第一位を四捨五入して整数化\n",
        "display(apro_arrayR)"
      ],
      "execution_count": 77,
      "outputs": [
        {
          "output_type": "display_data",
          "data": {
            "text/plain": [
              "[matrix([[ 1.40000000e+01, -1.44264514e-15, -1.61898863e-15,\n",
              "          -6.78824974e-16],\n",
              "         [-1.40744826e-15,  1.40000000e+01,  4.43661358e-16,\n",
              "           1.47106075e-15],\n",
              "         [-1.29367649e-15, -4.26684414e-16,  1.40000000e+01,\n",
              "          -5.46292844e-16],\n",
              "         [-9.30911998e-16,  2.02287566e-15, -1.18168794e-15,\n",
              "           1.40000000e+01]]),\n",
              " matrix([[-1.14805030e+00,  1.20501732e-16,  1.15012137e-16,\n",
              "           1.02956429e-16],\n",
              "         [ 5.77979942e-17, -1.14805030e+00, -1.07379125e-17,\n",
              "          -1.27186933e-16],\n",
              "         [ 1.13309145e-16,  1.07379125e-17, -1.14805030e+00,\n",
              "           3.93465205e-17],\n",
              "         [ 7.29769589e-17, -1.29010564e-16,  3.22745729e-17,\n",
              "          -1.14805030e+00]]),\n",
              " matrix([[ 1.00000000e+00, -7.20205172e-17, -1.26842198e-16,\n",
              "          -1.02877618e-16],\n",
              "         [-9.06864831e-17,  1.00000000e+00, -5.14328292e-17,\n",
              "           1.26950890e-16],\n",
              "         [-8.04206565e-17, -5.14328292e-17,  1.00000000e+00,\n",
              "          -6.68660531e-17],\n",
              "         [-1.02877618e-16,  1.08284924e-16, -4.82000873e-17,\n",
              "           1.00000000e+00]]),\n",
              " matrix([[-2.77163860e+00,  2.19408032e-16,  2.24681178e-16,\n",
              "           3.09728288e-16],\n",
              "         [ 2.34466536e-16, -2.77163860e+00, -8.40208760e-17,\n",
              "          -2.79467216e-16],\n",
              "         [ 2.78854882e-16, -1.17146440e-16, -2.77163860e+00,\n",
              "           1.54723856e-16],\n",
              "         [ 1.87115040e-16, -2.91936846e-16,  6.98922411e-17,\n",
              "          -2.77163860e+00]]),\n",
              " matrix([[ 2.24170765e-01, -2.25213121e-17, -1.87035274e-17,\n",
              "          -1.57718809e-17],\n",
              "         [-1.99234505e-17,  2.24170765e-01,  7.75414643e-18,\n",
              "           2.11139765e-17],\n",
              "         [-2.97922283e-17,  1.15008741e-17,  2.24170765e-01,\n",
              "          -1.30316611e-17],\n",
              "         [-1.61598672e-17,  3.15874139e-17, -1.81181500e-17,\n",
              "           2.24170765e-01]]),\n",
              " matrix([[-5.00000000e-01,  3.91501339e-17,  4.64034359e-17,\n",
              "           2.59700763e-17],\n",
              "         [ 3.60391396e-17, -5.00000000e-01, -2.35149860e-17,\n",
              "          -6.80491310e-17],\n",
              "         [ 6.33922180e-17,  4.24058959e-18, -5.00000000e-01,\n",
              "           2.41289246e-17],\n",
              "         [ 2.59700763e-17, -5.72823375e-17,  2.72399189e-17,\n",
              "          -5.00000000e-01]]),\n",
              " matrix([[-7.65366865e-01,  1.08090064e-16,  1.04430333e-16,\n",
              "           2.70042559e-17],\n",
              "         [ 5.77979942e-17, -7.65366865e-01,  1.70176631e-17,\n",
              "          -1.13309145e-16],\n",
              "         [ 9.82879361e-17,  1.92467441e-17, -7.65366865e-01,\n",
              "           4.04899420e-17],\n",
              "         [ 5.82843049e-17, -1.16598895e-16,  4.28563762e-17,\n",
              "          -7.65366865e-01]]),\n",
              " matrix([[-1.79289322e+00,  1.02620248e-16,  2.27150054e-16,\n",
              "           1.84915841e-16],\n",
              "         [ 2.33782471e-16, -1.79289322e+00,  5.15133413e-17,\n",
              "          -2.43289529e-16],\n",
              "         [ 1.63942960e-16, -8.95513798e-17, -1.79289322e+00,\n",
              "           6.76087035e-17],\n",
              "         [ 1.88026836e-16, -2.30660214e-16,  6.74233657e-17,\n",
              "          -1.79289322e+00]]),\n",
              " matrix([[-2.00000000e+00,  1.18107048e-16,  2.79618383e-16,\n",
              "           2.44945026e-16],\n",
              "         [ 1.53303930e-16, -2.00000000e+00, -2.59892917e-17,\n",
              "          -2.81343896e-16],\n",
              "         [ 1.88910349e-16,  8.50330108e-17, -2.00000000e+00,\n",
              "           1.05663070e-16],\n",
              "         [ 2.44945026e-16, -1.90635862e-16,  7.04661877e-17,\n",
              "          -2.00000000e+00]]),\n",
              " matrix([[-3.82683432e-01,  4.38643896e-17,  4.85180212e-17,\n",
              "           3.22786395e-17],\n",
              "         [ 4.62070493e-17, -3.82683432e-01,  6.27975059e-18,\n",
              "          -4.62070493e-17],\n",
              "         [ 5.32243083e-17, -1.07379125e-17, -3.82683432e-01,\n",
              "           2.28684295e-18],\n",
              "         [ 4.41633617e-17, -5.29304914e-17,  2.18144404e-18,\n",
              "          -3.82683432e-01]]),\n",
              " matrix([[-1.00000000e+00,  5.90535238e-17,  1.39809191e-16,\n",
              "           1.22472513e-16],\n",
              "         [ 7.66519651e-17, -1.00000000e+00, -1.29946458e-17,\n",
              "          -1.40671948e-16],\n",
              "         [ 9.44551745e-17,  4.25165054e-17, -1.00000000e+00,\n",
              "           5.28315352e-17],\n",
              "         [ 1.22472513e-16, -9.53179309e-17,  3.52330938e-17,\n",
              "          -1.00000000e+00]]),\n",
              " matrix([[-9.23879533e-01,  7.25288143e-17,  9.40046394e-17,\n",
              "           7.16757820e-17],\n",
              "         [ 5.97562818e-17, -9.23879533e-01,  1.49446914e-17,\n",
              "          -9.32602253e-17],\n",
              "         [ 1.11350858e-16,  3.90283686e-18, -9.23879533e-01,\n",
              "           3.31753882e-17],\n",
              "         [ 7.28192035e-17, -1.36548797e-16,  5.32820703e-17,\n",
              "          -9.23879533e-01]]),\n",
              " matrix([[ 3.15432203e+00, -4.41712296e-16, -3.02926142e-16,\n",
              "          -1.53501793e-16],\n",
              "         [-2.07337881e-16,  3.15432203e+00, -3.49111461e-17,\n",
              "           3.21727500e-16],\n",
              "         [-3.66068375e-16,  3.09805500e-16,  3.15432203e+00,\n",
              "          -8.13881511e-17],\n",
              "         [-2.77227201e-16,  4.75747622e-16, -1.75198394e-16,\n",
              "           3.15432203e+00]]),\n",
              " matrix([[ 3.20710678e+00, -3.44392242e-16, -4.03417759e-16,\n",
              "          -2.96829526e-16],\n",
              "         [-3.53227216e-16,  3.20710678e+00, -2.49278809e-17,\n",
              "           3.58508740e-16],\n",
              "         [-4.42223644e-16,  9.00873292e-17,  3.20710678e+00,\n",
              "          -2.29191694e-16],\n",
              "         [-3.89719625e-16,  4.16921056e-16, -2.17796291e-18,\n",
              "           3.20710678e+00]]),\n",
              " matrix([[-1.84775907e+00,  2.39062268e-16,  2.05026942e-16,\n",
              "           1.13309145e-16],\n",
              "         [ 1.14938878e-16, -1.84775907e+00, -4.14594348e-18,\n",
              "          -1.81946765e-16],\n",
              "         [ 2.27275402e-16, -1.37251955e-16, -1.84775907e+00,\n",
              "           6.17770905e-17],\n",
              "         [ 1.15595988e-16, -2.56079931e-16,  8.95464774e-17,\n",
              "          -1.84775907e+00]]),\n",
              " matrix([[-5.00000000e-01,  3.91501339e-17,  4.64034359e-17,\n",
              "           2.59700763e-17],\n",
              "         [ 3.60391396e-17, -5.00000000e-01, -2.35149860e-17,\n",
              "          -6.80491310e-17],\n",
              "         [ 6.33922180e-17,  4.24058959e-18, -5.00000000e-01,\n",
              "           2.41289246e-17],\n",
              "         [ 2.59700763e-17, -5.72823375e-17,  2.72399189e-17,\n",
              "          -5.00000000e-01]])]"
            ]
          },
          "metadata": {
            "tags": []
          }
        },
        {
          "output_type": "display_data",
          "data": {
            "text/plain": [
              "array([[[14., -0., -0., -0.],\n",
              "        [-0., 14.,  0.,  0.],\n",
              "        [-0., -0., 14., -0.],\n",
              "        [-0.,  0., -0., 14.]],\n",
              "\n",
              "       [[-1.,  0.,  0.,  0.],\n",
              "        [ 0., -1., -0., -0.],\n",
              "        [ 0.,  0., -1.,  0.],\n",
              "        [ 0., -0.,  0., -1.]],\n",
              "\n",
              "       [[ 1., -0., -0., -0.],\n",
              "        [-0.,  1., -0.,  0.],\n",
              "        [-0., -0.,  1., -0.],\n",
              "        [-0.,  0., -0.,  1.]],\n",
              "\n",
              "       [[-3.,  0.,  0.,  0.],\n",
              "        [ 0., -3., -0., -0.],\n",
              "        [ 0., -0., -3.,  0.],\n",
              "        [ 0., -0.,  0., -3.]],\n",
              "\n",
              "       [[ 0., -0., -0., -0.],\n",
              "        [-0.,  0.,  0.,  0.],\n",
              "        [-0.,  0.,  0., -0.],\n",
              "        [-0.,  0., -0.,  0.]],\n",
              "\n",
              "       [[-1.,  0.,  0.,  0.],\n",
              "        [ 0., -1., -0., -0.],\n",
              "        [ 0.,  0., -1.,  0.],\n",
              "        [ 0., -0.,  0., -1.]],\n",
              "\n",
              "       [[-1.,  0.,  0.,  0.],\n",
              "        [ 0., -1.,  0., -0.],\n",
              "        [ 0.,  0., -1.,  0.],\n",
              "        [ 0., -0.,  0., -1.]],\n",
              "\n",
              "       [[-2.,  0.,  0.,  0.],\n",
              "        [ 0., -2.,  0., -0.],\n",
              "        [ 0., -0., -2.,  0.],\n",
              "        [ 0., -0.,  0., -2.]],\n",
              "\n",
              "       [[-2.,  0.,  0.,  0.],\n",
              "        [ 0., -2., -0., -0.],\n",
              "        [ 0.,  0., -2.,  0.],\n",
              "        [ 0., -0.,  0., -2.]],\n",
              "\n",
              "       [[-0.,  0.,  0.,  0.],\n",
              "        [ 0., -0.,  0., -0.],\n",
              "        [ 0., -0., -0.,  0.],\n",
              "        [ 0., -0.,  0., -0.]],\n",
              "\n",
              "       [[-1.,  0.,  0.,  0.],\n",
              "        [ 0., -1., -0., -0.],\n",
              "        [ 0.,  0., -1.,  0.],\n",
              "        [ 0., -0.,  0., -1.]],\n",
              "\n",
              "       [[-1.,  0.,  0.,  0.],\n",
              "        [ 0., -1.,  0., -0.],\n",
              "        [ 0.,  0., -1.,  0.],\n",
              "        [ 0., -0.,  0., -1.]],\n",
              "\n",
              "       [[ 3., -0., -0., -0.],\n",
              "        [-0.,  3., -0.,  0.],\n",
              "        [-0.,  0.,  3., -0.],\n",
              "        [-0.,  0., -0.,  3.]],\n",
              "\n",
              "       [[ 3., -0., -0., -0.],\n",
              "        [-0.,  3., -0.,  0.],\n",
              "        [-0.,  0.,  3., -0.],\n",
              "        [-0.,  0., -0.,  3.]],\n",
              "\n",
              "       [[-2.,  0.,  0.,  0.],\n",
              "        [ 0., -2., -0., -0.],\n",
              "        [ 0., -0., -2.,  0.],\n",
              "        [ 0., -0.,  0., -2.]],\n",
              "\n",
              "       [[-1.,  0.,  0.,  0.],\n",
              "        [ 0., -1., -0., -0.],\n",
              "        [ 0.,  0., -1.,  0.],\n",
              "        [ 0., -0.,  0., -1.]]])"
            ]
          },
          "metadata": {
            "tags": []
          }
        }
      ]
    },
    {
      "cell_type": "code",
      "metadata": {
        "id": "yvSS2sEyhN6-",
        "outputId": "612f0564-890d-4978-b1a3-dac9e6d02e68",
        "colab": {
          "base_uri": "https://localhost:8080/",
          "height": 298
        }
      },
      "source": [
        "#元の配列𝐗とd.の結果との差を求めよ\n",
        "arrayDif = []\n",
        "for i in range(dctSize):\n",
        "  for j in range(dctSize):\n",
        "    dif = abs(arrayX[i,j]) - abs(apro_arrayR[i,j])\n",
        "    arrayDif.append(dif)\n",
        "display(arrayDif)"
      ],
      "execution_count": 78,
      "outputs": [
        {
          "output_type": "display_data",
          "data": {
            "text/plain": [
              "[array([-12.,   2.,   2.,   2.]),\n",
              " array([ 6., -8.,  6.,  6.]),\n",
              " array([  2.,   2., -12.,   2.]),\n",
              " array([  4.,   4.,   4., -10.]),\n",
              " array([1., 2., 2., 2.]),\n",
              " array([2., 1., 2., 2.]),\n",
              " array([2., 2., 1., 2.]),\n",
              " array([6., 6., 6., 5.]),\n",
              " array([5., 6., 6., 6.]),\n",
              " array([6., 5., 6., 6.]),\n",
              " array([4., 4., 3., 4.]),\n",
              " array([4., 4., 4., 3.]),\n",
              " array([-1.,  2.,  2.,  2.]),\n",
              " array([ 2., -1.,  2.,  2.]),\n",
              " array([ 2.,  2., -1.,  2.]),\n",
              " array([4., 4., 4., 1.])]"
            ]
          },
          "metadata": {
            "tags": []
          }
        }
      ]
    }
  ]
}